100.022072, 47, 0, 2, 0, 0, 0.000000
100.156669, 49, 0, 8, 0, 0, 0.000000
100.255949, 38, 0, 2, 0, 0, 0.000000
100.392045, 39, 0, 10, 0, 0, 0.000000
100.500066, 44, 0, 3, 0, 0, 0.000000
100.562603, 46, 0, 8, 0, 0, 0.000000
100.740104, 48, 0, 11, 0, 0, 0.000000
100.829340, 37, 0, 8, 0, 0, 0.000000
101.001337, 42, 0, 13, 0, 0, 0.000000
101.072518, 40, 0, 6, 0, 0, 0.000000
101.124310, 53, 0, 22, 0, 0, 0.000000
101.226362, 50, 0, 8, 0, 0, 0.000000
101.352639, 44, 0, 10, 0, 0, 0.000000
101.417395, 45, 0, 11, 0, 0, 0.000000
101.457282, 46, 0, 18, 2, 0, 0.000000
101.711295, 49, 0, 14, 0, 0, 0.000000
101.731719, 47, 0, 12, 0, 0, 0.000000
101.803698, 47, 0, 14, 0, 0, 0.000000
101.913862, 54, 0, 10, 1, 0, 0.000000
102.022702, 45, 0, 17, 0, 0, 0.000000
102.133860, 51, 0, 34, 0, 0, 0.000000
102.286265, 48, 0, 19, 0, 0, 0.000000
102.307626, 42, 0, 6, 0, 0, 0.000000
102.429779, 68, 0, 18, 0, 0, 0.000000
102.566129, 52, 0, 5, 0, 0, 0.000000
102.762213, 48, 0, 18, 0, 0, 0.000000
102.822332, 51, 0, 12, 0, 0, 0.000000
102.843986, 50, 0, 2, 0, 0, 0.000000
103.022344, 56, 0, 9, 0, 0, 0.000000
103.125053, 51, 0, 18, 0, 0, 0.000000
103.228882, 51, 0, 11, 0, 0, 0.000000
103.304279, 41, 0, 11, 0, 0, 0.000000
103.345072, 31, 0, 4, 0, 0, 0.000000
103.389881, 53, 0, 20, 0, 0, 0.000000
103.502252, 46, 0, 4, 0, 0, 0.000000
103.780808, 54, 0, 11, 0, 0, 0.000000
103.838801, 49, 0, 10, 0, 0, 0.000000
103.883684, 54, 0, 16, 2, 0, 0.000000
104.008464, 48, 0, 7, 0, 0, 0.000000
104.048898, 46, 0, 17, 0, 0, 0.000000
104.186938, 47, 0, 8, 0, 0, 0.000000
104.232414, 52, 0, 15, 0, 0, 0.000000
104.416849, 66, 0, 5, 0, 0, 0.000000
104.541166, 42, 0, 26, 0, 0, 0.000000
104.602572, 50, 0, 2, 0, 0, 0.000000
104.729019, 47, 0, 10, 0, 0, 0.000000
104.776416, 50, 0, 9, 0, 0, 0.000000
104.903074, 54, 0, 16, 0, 0, 0.000000
104.918529, 56, 0, 10, 0, 0, 0.000000
105.020359, 54, 0, 15, 0, 0, 0.000000
105.093129, 41, 0, 0, 0, 0, 0.000000
105.301722, 59, 0, 23, 0, 0, 0.000000
105.373180, 51, 0, 15, 0, 0, 0.000000
105.542310, 64, 0, 11, 0, 0, 0.000000
105.643424, 49, 0, 20, 0, 0, 0.000000
105.739605, 54, 0, 4, 0, 0, 0.000000
105.811285, 46, 0, 10, 0, 0, 0.000000
105.884773, 53, 0, 11, 2, 0, 0.000000
105.995675, 46, 0, 11, 2, 0, 0.000000
106.111615, 54, 0, 18, 0, 0, 0.000000
106.146790, 51, 0, 5, 0, 0, 0.000000
106.229211, 44, 0, 7, 0, 0, 0.000000
106.448803, 59, 0, 19, 0, 0, 0.000000
106.546883, 54, 0, 7, 0, 0, 0.000000
106.693305, 65, 0, 20, 1, 0, 0.000000
106.716127, 51, 0, 12, 0, 0, 0.000000
106.745698, 48, 0, 11, 0, 0, 0.000000
106.883241, 53, 0, 14, 0, 0, 0.000000
106.958071, 39, 1, 25, 2, 0, 0.000000
107.164662, 53, 0, 0, 0, 0, 0.000000
107.198114, 52, 0, 8, 0, 0, 0.000000
107.263161, 58, 0, 20, 0, 0, 0.000000
107.355301, 51, 0, 12, 0, 0, 0.000000
107.418301, 47, 0, 5, 0, 0, 0.000000
107.495886, 53, 0, 15, 0, 0, 0.000000
107.741055, 61, 0, 14, 3, 0, 0.000000
107.786011, 63, 0, 32, 4, 0, 0.000000
107.864408, 59, 0, 11, 0, 0, 0.000000
107.916275, 54, 0, 4, 0, 0, 0.000000
108.035094, 56, 0, 9, 0, 0, 0.000000
108.246763, 49, 0, 11, 0, 0, 0.000000
108.266217, 55, 0, 12, 0, 0, 0.000000
108.343031, 54, 0, 8, 0, 0, 0.000000
108.402732, 63, 0, 36, 0, 0, 0.000000
108.588245, 53, 0, 8, 0, 0, 0.000000
108.703154, 54, 0, 10, 0, 0, 0.000000
108.766249, 58, 0, 19, 2, 0, 0.000000
108.802424, 61, 0, 8, 0, 0, 0.000000
108.922316, 60, 0, 6, 2, 0, 0.000000
108.993538, 56, 0, 7, 0, 0, 0.000000
109.081605, 49, 0, 6, 0, 0, 0.000000
109.147936, 54, 0, 14, 0, 0, 0.000000
109.206922, 54, 0, 4, 0, 0, 0.000000
109.287420, 57, 0, 9, 0, 0, 0.000000
109.480316, 59, 0, 8, 2, 0, 0.000000
109.640823, 61, 0, 16, 0, 0, 0.000000
109.719222, 50, 0, 9, 0, 0, 0.000000
109.826791, 49, 0, 15, 2, 0, 0.000000
109.904467, 51, 0, 12, 0, 0, 0.000000
110.083518, 56, 0, 17, 2, 0, 0.000000
110.117509, 55, 0, 7, 0, 0, 0.000000
110.189939, 63, 0, 6, 0, 0, 0.000000
110.326598, 51, 0, 14, 0, 0, 0.000000
110.416480, 63, 1, 8, 0, 0, 0.000000
110.482756, 60, 0, 10, 0, 0, 0.000000
110.599003, 55, 0, 2, 0, 0, 0.000000
110.673307, 53, 0, 15, 2, 0, 0.000000
110.782578, 60, 0, 12, 0, 0, 0.000000
110.832048, 54, 0, 12, 2, 0, 0.000000
110.897147, 50, 0, 7, 0, 0, 0.000000
111.067235, 58, 0, 6, 0, 0, 0.000000
111.202943, 52, 0, 15, 0, 0, 0.000000
111.242446, 58, 0, 16, 0, 0, 0.000000
111.285265, 59, 0, 13, 0, 0, 0.000000
111.403062, 58, 0, 7, 0, 0, 0.000000
111.431088, 58, 0, 11, 0, 0, 0.000000
111.526346, 66, 0, 10, 0, 0, 0.000000
111.684352, 58, 0, 17, 0, 0, 0.000000
111.690727, 62, 0, 11, 0, 0, 0.000000
111.805816, 56, 0, 15, 0, 0, 0.000000
111.979753, 65, 0, 10, 0, 0, 0.000000
112.029917, 57, 0, 6, 0, 0, 0.000000
112.097076, 57, 0, 9, 0, 0, 0.000000
112.232824, 64, 0, 8, 0, 0, 0.000000
112.405748, 49, 0, 9, 0, 0, 0.000000
112.407950, 48, 0, 9, 0, 0, 0.000000
112.606081, 57, 0, 9, 0, 0, 0.000000
112.681868, 71, 0, 16, 0, 0, 0.000000
112.716722, 54, 0, 7, 0, 0, 0.000000
112.790774, 70, 0, 14, 0, 2, 0.000000
112.999290, 66, 0, 8, 0, 0, 0.000000
113.050729, 62, 0, 13, 0, 0, 0.000000
113.136075, 53, 0, 17, 0, 0, 0.000000
113.201727, 70, 0, 12, 0, 0, 0.000000
113.319823, 62, 0, 5, 0, 0, 0.000000
113.408254, 63, 1, 20, 0, 0, 0.000000
113.500049, 54, 0, 10, 0, 0, 0.000000
113.516948, 57, 0, 30, 2, 0, 0.000000
113.578652, 52, 0, 15, 0, 0, 0.000000
113.704544, 50, 0, 22, 0, 0, 0.000000
113.819326, 51, 0, 4, 0, 0, 0.000000
113.903928, 59, 0, 14, 2, 0, 0.000000
113.970928, 68, 0, 18, 0, 0, 0.000000
114.146385, 73, 0, 15, 2, 0, 0.000000
114.254919, 61, 0, 9, 0, 0, 0.000000
114.354786, 65, 0, 20, 2, 0, 0.000000
114.374510, 50, 0, 10, 0, 0, 0.000000
114.449456, 60, 0, 8, 0, 0, 0.000000
114.635050, 58, 0, 25, 2, 0, 0.000000
114.695905, 56, 0, 12, 0, 0, 0.000000
114.743292, 51, 0, 7, 0, 0, 0.000000
114.834503, 63, 0, 19, 0, 0, 0.000000
114.958678, 55, 0, 18, 0, 0, 0.000000
114.990662, 67, 0, 11, 0, 0, 0.000000
115.083654, 62, 0, 18, 0, 0, 0.000000
115.167142, 67, 0, 12, 0, 0, 0.000000
115.250737, 55, 0, 17, 0, 0, 0.000000
115.434183, 49, 0, 18, 2, 0, 0.000000
115.469073, 63, 0, 9, 0, 0, 0.000000
115.613507, 59, 0, 17, 2, 0, 0.000000
115.687188, 59, 0, 14, 0, 0, 0.000000
115.724252, 56, 0, 13, 2, 0, 0.000000
115.779346, 55, 0, 13, 0, 0, 0.000000
115.978872, 58, 0, 17, 0, 0, 0.000000
116.099575, 57, 0, 12, 0, 0, 0.000000
116.118457, 64, 0, 17, 0, 0, 0.000000
116.209006, 55, 0, 8, 2, 0, 0.000000
116.293182, 53, 0, 10, 0, 0, 0.000000
116.359568, 63, 0, 14, 0, 0, 0.000000
116.397861, 49, 0, 7, 0, 0, 0.000000
116.451470, 65, 0, 10, 0, 0, 0.000000
116.514497, 60, 0, 7, 0, 0, 0.000000
116.757337, 61, 0, 0, 0, 0, 0.000000
116.909943, 59, 1, 15, 2, 0, 0.000000
116.971081, 63, 0, 11, 2, 0, 0.000000
117.035487, 64, 0, 14, 0, 0, 0.000000
117.085472, 65, 0, 9, 0, 0, 0.000000
117.310261, 61, 0, 20, 0, 0, 0.000000
117.346872, 66, 0, 28, 0, 0, 0.000000
117.398492, 70, 0, 20, 0, 0, 0.000000
117.461155, 69, 0, 27, 0, 0, 0.000000
117.539230, 58, 0, 5, 0, 0, 0.000000
117.639980, 65, 0, 21, 0, 0, 0.000000
117.773230, 53, 1, 26, 2, 0, 0.000000
117.884403, 59, 0, 11, 0, 0, 0.000000
117.936729, 71, 0, 8, 0, 0, 0.000000
118.002524, 58, 0, 17, 0, 0, 0.000000
118.072744, 56, 0, 6, 0, 0, 0.000000
118.145871, 66, 0, 19, 0, 0, 0.000000
118.285084, 62, 0, 19, 0, 0, 0.000000
118.379603, 58, 0, 11, 0, 0, 0.000000
118.467854, 59, 0, 10, 0, 0, 0.000000
118.511420, 57, 0, 17, 2, 0, 0.000000
118.541204, 63, 0, 26, 2, 0, 0.000000
118.657038, 59, 0, 9, 0, 0, 0.000000
118.777444, 55, 0, 8, 1, 0, 0.000000
118.862305, 70, 1, 13, 0, 0, 0.000000
118.992867, 43, 0, 14, 0, 0, 0.000000
119.070449, 51, 0, 6, 0, 0, 0.000000
119.137488, 81, 0, 12, 0, 0, 0.000000
119.334910, 67, 0, 16, 0, 0, 0.000000
119.387936, 73, 0, 27, 0, 0, 0.000000
119.461564, 61, 0, 7, 0, 0, 0.000000
119.551562, 72, 0, 16, 0, 0, 0.000000
119.602466, 53, 0, 15, 0, 0, 0.000000
119.634291, 58, 0, 11, 0, 0, 0.000000
119.764427, 63, 0, 9, 0, 0, 0.000000
119.827997, 68, 0, 34, 4, 0, 0.000000
119.908815, 73, 0, 23, 3, 0, 0.000000
119.913764, 59, 0, 14, 2, 0, 0.000000
120.033472, 67, 0, 12, 0, 0, 0.000000
120.180077, 74, 0, 19, 0, 0, 0.000000
120.243131, 51, 0, 18, 0, 0, 0.000000
120.399897, 64, 0, 15, 0, 0, 0.000000
120.453746, 69, 0, 26, 0, 0, 0.000000
120.564603, 64, 0, 21, 0, 0, 0.000000
120.617200, 61, 0, 18, 0, 0, 0.000000
120.736713, 68, 0, 27, 0, 0, 0.000000
120.776519, 67, 0, 24, 0, 0, 0.000000
120.902133, 60, 0, 13, 0, 0, 0.000000
121.001138, 67, 0, 28, 0, 0, 0.000000
121.064184, 73, 0, 31, 0, 0, 0.000000
121.134251, 75, 1, 12, 0, 0, 0.000000
121.165315, 66, 0, 17, 0, 0, 0.000000
121.337817, 78, 0, 9, 0, 0, 0.000000
121.404599, 64, 0, 12, 0, 0, 0.000000
121.584031, 67, 0, 10, 1, 0, 0.000000
121.610718, 63, 0, 7, 2, 0, 0.000000
121.684952, 61, 0, 20, 0, 0, 0.000000
121.768760, 68, 0, 9, 0, 0, 0.000000
121.872399, 68, 0, 17, 0, 0, 0.000000
121.941698, 62, 0, 19, 0, 0, 0.000000
122.004679, 56, 0, 16, 0, 0, 0.000000
122.170837, 71, 0, 26, 0, 0, 0.000000
122.194266, 68, 0, 10, 0, 0, 0.000000
122.286681, 52, 0, 6, 0, 0, 0.000000
122.355167, 72, 0, 14, 2, 0, 0.000000
122.379539, 65, 0, 26, 0, 0, 0.000000
122.592610, 59, 0, 5, 0, 0, 0.000000
122.656113, 58, 0, 9, 0, 0, 0.000000
122.797785, 67, 0, 23, 0, 0, 0.000000
122.870027, 76, 0, 33, 0, 0, 0.000000
122.890479, 69, 0, 21, 0, 0, 0.000000
122.993744, 75, 0, 34, 0, 0, 0.000000
123.050565, 66, 0, 13, 0, 0, 0.000000
123.100379, 75, 0, 21, 0, 0, 0.000000
123.238660, 68, 1, 15, 0, 0, 0.000000
123.254026, 68, 0, 11, 0, 0, 0.000000
123.343533, 57, 0, 8, 0, 0, 0.000000
123.466031, 65, 0, 14, 0, 0, 0.000000
123.482890, 75, 0, 10, 0, 0, 0.000000
123.606796, 71, 0, 21, 0, 0, 0.000000
123.746316, 78, 0, 23, 0, 0, 0.000000
123.808480, 69, 1, 8, 0, 0, 0.000000
123.829010, 69, 0, 11, 0, 0, 0.000000
123.946178, 60, 0, 16, 0, 0, 0.000000
124.023864, 49, 0, 6, 0, 0, 0.000000
124.137354, 74, 0, 13, 0, 0, 0.000000
124.245803, 61, 0, 19, 0, 0, 0.000000
124.308034, 63, 0, 15, 0, 0, 0.000000
124.356152, 64, 0, 18, 0, 0, 0.000000
124.450115, 74, 0, 14, 0, 0, 0.000000
124.517112, 68, 0, 18, 0, 0, 0.000000
124.573115, 69, 0, 24, 0, 0, 0.000000
124.739119, 63, 0, 17, 0, 0, 0.000000
124.862585, 53, 0, 11, 0, 0, 0.000000
124.961995, 74, 0, 25, 0, 0, 0.000000
125.074465, 67, 0, 23, 0, 0, 0.000000
125.129511, 79, 0, 14, 0, 0, 0.000000
125.149340, 56, 0, 16, 0, 0, 0.000000
125.259251, 63, 0, 17, 0, 0, 0.000000
125.315149, 65, 0, 4, 0, 0, 0.000000
125.371833, 70, 0, 8, 0, 0, 0.000000
125.438100, 77, 0, 15, 0, 0, 0.000000
125.542863, 69, 0, 20, 0, 0, 0.000000
125.639406, 71, 0, 15, 0, 0, 0.000000
125.776413, 67, 0, 19, 0, 0, 0.000000
125.907546, 62, 0, 9, 0, 0, 0.000000
125.969805, 65, 0, 16, 0, 0, 0.000000
126.011745, 65, 0, 13, 2, 0, 0.000000
126.055813, 71, 0, 22, 0, 0, 0.000000
126.188942, 74, 0, 5, 0, 0, 0.000000
126.237638, 75, 0, 10, 0, 0, 0.000000
126.372718, 71, 0, 35, 2, 0, 0.000000
126.407857, 73, 0, 15, 0, 0, 0.000000
126.478151, 67, 0, 27, 0, 0, 0.000000
126.558511, 68, 0, 21, 0, 0, 0.000000
126.572396, 83, 0, 9, 0, 0, 0.000000
126.660890, 63, 0, 32, 0, 0, 0.000000
126.844957, 70, 0, 17, 0, 0, 0.000000
126.938638, 76, 0, 22, 0, 0, 0.000000
127.027947, 58, 1, 12, 0, 0, 0.000000
127.066583, 66, 0, 15, 0, 0, 0.000000
127.186483, 78, 0, 16, 2, 0, 0.000000
127.201091, 76, 0, 12, 0, 0, 0.000000
127.255472, 63, 0, 15, 0, 0, 0.000000
127.357298, 62, 0, 15, 0, 0, 0.000000
127.464382, 65, 0, 9, 0, 0, 0.000000
127.491053, 65, 0, 15, 0, 0, 0.000000
127.633950, 68, 0, 9, 0, 0, 0.000000
127.730794, 76, 0, 6, 0, 0, 0.000000
127.821379, 67, 0, 2, 0, 0, 0.000000
127.871954, 76, 0, 12, 0, 0, 0.000000
127.973943, 85, 0, 17, 1, 0, 0.000000
128.057752, 74, 0, 27, 2, 0, 0.000000
128.151867, 71, 0, 15, 4, 0, 0.000000
128.208182, 52, 0, 14, 0, 0, 0.000000
128.288212, 77, 0, 23, 0, 0, 0.000000
128.396239, 77, 0, 15, 0, 0, 0.000000
128.436686, 67, 0, 12, 0, 0, 0.000000
128.550706, 86, 0, 21, 0, 0, 0.000000
128.599647, 78, 0, 30, 0, 0, 0.000000
128.705115, 63, 0, 17, 0, 0, 0.000000
128.848628, 70, 0, 13, 2, 0, 0.000000
128.899406, 76, 0, 10, 0, 0, 0.000000
128.980648, 60, 0, 21, 0, 0, 0.000000
129.081638, 76, 0, 6, 0, 0, 0.000000
129.153313, 73, 0, 20, 0, 0, 0.000000
129.170186, 64, 0, 20, 0, 0, 0.000000
129.206910, 73, 0, 16, 0, 0, 0.000000
129.348564, 67, 0, 17, 0, 0, 0.000000
129.420959, 70, 1, 27, 2, 0, 0.000000
129.483442, 76, 0, 32, 0, 0, 0.000000
129.569147, 69, 0, 18, 0, 0, 0.000000
129.659008, 65, 0, 13, 0, 0, 0.000000
129.722562, 67, 0, 14, 0, 0, 0.000000
129.848846, 69, 0, 13, 0, 0, 0.000000
129.899330, 82, 0, 19, 0, 0, 0.000000
130.027401, 69, 0, 20, 0, 0, 0.000000
130.121551, 78, 0, 20, 0, 0, 0.000000
130.139689, 68, 0, 18, 0, 0, 0.000000
130.232695, 76, 0, 9, 2, 0, 0.000000
130.292851, 75, 0, 25, 1, 0, 0.000000
130.449603, 64, 0, 37, 0, 0, 0.000000
130.498330, 65, 0, 11, 0, 0, 0.000000
130.588079, 77, 0, 27, 0, 0, 0.000000
130.606037, 75, 0, 33, 0, 0, 0.000000
130.677671, 81, 0, 12, 0, 0, 0.000000
130.776611, 64, 0, 21, 0, 0, 0.000000
130.911843, 80, 0, 20, 0, 0, 0.000000
130.964908, 68, 0, 18, 2, 0, 0.000000
131.012308, 75, 0, 12, 0, 0, 0.000000
131.036187, 76, 1, 25, 0, 0, 0.000000
131.195526, 81, 0, 12, 0, 0, 0.000000
131.301681, 70, 0, 32, 2, 0, 0.000000
131.348353, 71, 0, 19, 0, 0, 0.000000
131.474662, 72, 0, 9, 0, 0, 0.000000
131.507702, 83, 0, 24, 0, 0, 0.000000
131.538275, 67, 0, 24, 0, 0, 0.000000
131.706872, 63, 0, 19, 0, 0, 0.000000
131.790903, 94, 0, 24, 0, 0, 0.000000
131.835558, 68, 0, 21, 0, 0, 0.000000
131.914740, 76, 0, 18, 0, 0, 0.000000
131.945017, 77, 0, 10, 0, 0, 0.000000
132.042802, 56, 0, 21, 0, 0, 0.000000
132.159292, 66, 0, 22, 0, 0, 0.000000
132.254368, 69, 0, 33, 0, 0, 0.000000
132.340842, 89, 0, 18, 0, 0, 0.000000
132.399896, 85, 0, 27, 0, 0, 0.000000
132.566450, 62, 0, 27, 0, 0, 0.000000
132.600742, 68, 0, 9, 0, 0, 0.000000
132.624248, 82, 0, 33, 0, 0, 0.000000
132.710832, 75, 0, 25, 0, 0, 0.000000
132.766320, 79, 0, 11, 0, 0, 0.000000
132.848724, 76, 0, 28, 2, 0, 0.000000
132.911003, 78, 0, 35, 0, 0, 0.000000
133.009552, 71, 0, 27, 0, 0, 0.000000
133.129304, 82, 0, 25, 0, 0, 0.000000
133.194792, 79, 0, 18, 0, 0, 0.000000
133.299669, 72, 0, 10, 0, 0, 0.000000
133.326443, 82, 0, 12, 0, 0, 0.000000
133.409877, 76, 0, 22, 0, 0, 0.000000
133.455469, 77, 0, 20, 0, 0, 0.000000
133.557208, 81, 0, 19, 2, 0, 0.000000
133.615749, 81, 0, 25, 0, 0, 0.000000
133.710796, 73, 0, 16, 0, 0, 0.000000
133.768989, 65, 0, 25, 2, 0, 0.000000
133.917519, 70, 0, 22, 0, 0, 0.000000
134.003542, 79, 0, 4, 0, 0, 0.000000
134.042589, 89, 0, 10, 0, 0, 0.000000
134.076474, 70, 0, 15, 0, 0, 0.000000
134.190234, 80, 0, 26, 0, 0, 0.000000
134.230949, 77, 0, 10, 2, 0, 0.000000
134.322513, 63, 0, 19, 0, 0, 0.000000
134.386881, 76, 0, 18, 0, 0, 0.000000
134.516946, 74, 0, 7, 0, 0, 0.000000
134.619320, 75, 0, 12, 2, 0, 0.000000
134.686781, 87, 0, 33, 1, 0, 0.000000
134.773068, 68, 0, 29, 0, 0, 0.000000
134.817416, 62, 0, 17, 0, 0, 0.000000
134.925891, 77, 0, 9, 0, 0, 0.000000
134.970702, 83, 0, 17, 2, 0, 0.000000
135.080256, 75, 0, 15, 0, 0, 0.000000
135.140773, 93, 0, 24, 0, 0, 0.000000
135.149532, 77, 0, 16, 0, 0, 0.000000
135.214790, 71, 0, 23, 0, 0, 0.000000
135.379799, 84, 0, 21, 0, 0, 0.000000
135.439128, 78, 0, 16, 0, 0, 0.000000
135.516071, 78, 0, 12, 0, 0, 0.000000
135.566846, 94, 0, 29, 0, 0, 0.000000
135.701550, 73, 0, 18, 0, 0, 0.000000
135.740032, 87, 0, 34, 1, 0, 0.000000
135.815743, 75, 0, 20, 0, 0, 0.000000
135.911388, 84, 0, 22, 0, 0, 0.000000
135.930737, 72, 0, 24, 4, 0, 0.000000
136.052253, 93, 0, 25, 2, 0, 0.000000
136.120162, 74, 0, 4, 0, 0, 0.000000
136.179632, 88, 0, 20, 0, 0, 0.000000
136.279745, 72, 0, 23, 2, 0, 0.000000
136.369103, 83, 0, 10, 0, 0, 0.000000
136.441369, 93, 0, 27, 0, 0, 0.000000
136.544706, 92, 0, 17, 0, 0, 0.000000
136.614079, 85, 0, 19, 0, 0, 0.000000
136.668331, 68, 0, 17, 0, 0, 0.000000
136.725308, 86, 0, 24, 0, 0, 0.000000
136.757714, 77, 0, 4, 0, 0, 0.000000
136.851439, 87, 0, 8, 0, 0, 0.000000
136.911127, 84, 0, 20, 0, 0, 0.000000
137.054067, 81, 0, 2, 0, 0, 0.000000
137.148235, 83, 0, 47, 0, 0, 0.000000
137.174060, 71, 0, 30, 1, 0, 0.000000
137.269095, 74, 0, 14, 0, 0, 0.000000
137.426921, 87, 0, 15, 0, 0, 0.000000
137.497040, 70, 0, 7, 0, 0, 0.000000
137.518057, 87, 0, 18, 2, 0, 0.000000
137.626889, 79, 0, 22, 0, 0, 0.000000
137.689206, 75, 0, 14, 0, 0, 0.000000
137.714367, 82, 0, 8, 0, 0, 0.000000
137.831168, 73, 1, 19, 2, 0, 0.000000
137.870181, 83, 0, 30, 0, 0, 0.000000
137.980722, 75, 0, 14, 0, 0, 0.000000
138.070839, 75, 0, 23, 2, 0, 0.000000
138.153875, 97, 0, 12, 0, 0, 0.000000
138.190924, 84, 0, 31, 0, 0, 0.000000
138.292663, 86, 0, 11, 0, 0, 0.000000
138.323960, 75, 0, 12, 0, 0, 0.000000
138.396337, 77, 1, 10, 0, 0, 0.000000
138.430341, 89, 0, 15, 0, 0, 0.000000
138.525692, 59, 0, 10, 0, 0, 0.000000
138.615115, 70, 0, 7, 0, 0, 0.000000
138.722358, 62, 0, 35, 2, 0, 0.000000
138.772690, 75, 0, 22, 0, 0, 0.000000
138.815348, 86, 0, 18, 0, 0, 0.000000
138.898131, 91, 0, 35, 0, 0, 0.000000
138.988098, 90, 0, 27, 0, 0, 0.000000
139.094163, 80, 0, 33, 0, 0, 0.000000
139.151570, 77, 0, 36, 2, 0, 0.000000
139.315344, 92, 0, 18, 0, 0, 0.000000
139.341300, 76, 0, 35, 0, 0, 0.000000
139.434795, 80, 0, 10, 0, 0, 0.000000
139.439296, 102, 0, 34, 0, 0, 0.000000
139.555396, 95, 0, 38, 0, 0, 0.000000
139.622574, 91, 0, 20, 0, 0, 0.000000
139.685239, 87, 0, 11, 0, 0, 0.000000
139.749900, 77, 0, 9, 0, 0, 0.000000
139.821304, 81, 0, 40, 0, 0, 0.000000
139.856848, 76, 0, 31, 0, 0, 0.000000
139.924704, 74, 0, 11, 0, 0, 0.000000
140.028181, 86, 0, 27, 0, 0, 0.000000
140.164423, 77, 0, 30, 0, 0, 0.000000
140.185985, 82, 1, 15, 2, 0, 0.000000
140.285165, 82, 0, 31, 0, 0, 0.000000
140.401913, 88, 0, 26, 0, 0, 0.000000
140.415949, 78, 0, 16, 0, 0, 0.000000
140.552288, 88, 0, 12, 0, 0, 0.000000
140.623604, 83, 0, 28, 2, 0, 0.000000
140.683951, 89, 1, 13, 0, 4, 0.000000
140.708114, 77, 0, 34, 0, 0, 0.000000
140.867222, 84, 0, 16, 0, 0, 0.000000
140.902424, 79, 0, 26, 0, 0, 0.000000
140.977391, 81, 0, 19, 0, 0, 0.000000
141.043584, 71, 0, 13, 2, 0, 0.000000
141.093507, 92, 0, 25, 0, 0, 0.000000
141.164636, 81, 0, 23, 0, 0, 0.000000
141.186225, 69, 0, 28, 0, 0, 0.000000
141.334928, 89, 0, 25, 0, 0, 0.000000
141.423217, 74, 1, 37, 0, 0, 0.000000
141.471671, 80, 0, 23, 0, 0, 0.000000
141.574213, 92, 0, 23, 0, 0, 0.000000
141.658462, 78, 0, 16, 0, 0, 0.000000
141.736623, 89, 0, 20, 0, 0, 0.000000
141.758104, 81, 0, 31, 0, 0, 0.000000
141.770363, 80, 0, 18, 0, 0, 0.000000
141.832703, 88, 0, 41, 2, 0, 0.000000
141.943503, 81, 0, 24, 0, 0, 0.000000
142.089149, 72, 0, 21, 2, 0, 0.000000
142.188312, 78, 0, 13, 0, 0, 0.000000
142.212075, 85, 0, 17, 0, 0, 0.000000
142.257010, 88, 0, 21, 0, 0, 0.000000
142.333473, 86, 0, 35, 3, 0, 0.000000
142.388562, 101, 0, 26, 0, 0, 0.000000
142.541054, 94, 0, 17, 0, 0, 0.000000
142.566584, 75, 0, 23, 0, 0, 0.000000
142.665598, 93, 0, 21, 0, 0, 0.000000
142.707247, 71, 0, 28, 0, 0, 0.000000
142.823339, 93, 0, 26, 0, 0, 0.000000
142.947652, 84, 0, 29, 0, 0, 0.000000
143.008404, 78, 0, 29, 0, 0, 0.000000
143.067231, 79, 0, 26, 0, 0, 0.000000
143.087233, 90, 0, 24, 0, 0, 0.000000
143.156452, 88, 0, 14, 0, 0, 0.000000
143.220474, 81, 0, 31, 0, 0, 0.000000
143.299340, 76, 0, 36, 2, 0, 0.000000
143.309092, 75, 0, 18, 0, 0, 0.000000
143.458490, 84, 0, 21, 2, 0, 0.000000
143.524560, 94, 0, 23, 0, 0, 0.000000
143.572859, 84, 0, 16, 0, 0, 0.000000
143.616556, 91, 0, 12, 2, 0, 0.000000
143.759206, 79, 0, 29, 2, 0, 0.000000
143.845553, 87, 0, 24, 0, 0, 0.000000
143.858737, 90, 0, 28, 2, 0, 0.000000
143.917551, 77, 0, 25, 0, 0, 0.000000
143.989242, 84, 0, 10, 0, 0, 0.000000
144.132701, 83, 0, 13, 0, 0, 0.000000
144.231216, 92, 0, 23, 0, 0, 0.000000
144.312341, 82, 0, 32, 2, 0, 0.000000
144.364413, 79, 0, 13, 0, 0, 0.000000
144.390102, 82, 0, 17, 0, 0, 0.000000
144.479150, 86, 0, 37, 0, 0, 0.000000
144.521753, 96, 0, 25, 0, 0, 0.000000
144.663629, 87, 0, 15, 0, 0, 0.000000
144.689794, 103, 0, 22, 0, 0, 0.000000
144.772114, 93, 0, 30, 0, 0, 0.000000
144.820769, 78, 0, 35, 0, 0, 0.000000
144.917339, 91, 0, 20, 0, 0, 0.000000
144.972084, 86, 0, 14, 0, 0, 0.000000
145.045131, 83, 0, 25, 0, 0, 0.000000
145.107475, 79, 0, 42, 0, 0, 0.000000
145.192829, 65, 0, 24, 0, 0, 0.000000
145.243474, 99, 0, 16, 0, 0, 0.000000
145.291254, 86, 0, 12, 0, 0, 0.000000
145.330347, 88, 0, 18, 2, 0, 0.000000
145.479282, 95, 0, 9, 0, 0, 0.000000
145.516392, 86, 0, 7, 0, 0, 0.000000
145.607571, 97, 0, 23, 2, 0, 0.000000
145.689602, 89, 0, 22, 0, 0, 0.000000
145.780313, 76, 1, 21, 0, 0, 0.000000
145.854502, 65, 0, 28, 0, 0, 0.000000
145.876665, 75, 0, 25, 0, 0, 0.000000
145.947506, 96, 0, 47, 0, 0, 0.000000
146.030522, 57, 0, 24, 0, 0, 0.000000
146.112092, 79, 0, 11, 0, 0, 0.000000
146.126593, 103, 0, 24, 0, 0, 0.000000
146.211959, 91, 0, 18, 2, 0, 0.000000
146.317529, 86, 0, 30, 0, 0, 0.000000
146.431968, 100, 0, 29, 2, 0, 0.000000
146.482662, 95, 0, 25, 0, 0, 0.000000
146.586877, 80, 0, 20, 0, 0, 0.000000
146.663475, 80, 0, 38, 0, 0, 0.000000
146.710295, 81, 0, 13, 2, 0, 0.000000
146.738698, 104, 0, 17, 0, 0, 0.000000
146.853488, 95, 1, 24, 0, 0, 0.000000
146.906411, 91, 0, 18, 4, 0, 0.000000
147.038760, 75, 0, 30, 0, 0, 0.000000
147.073778, 73, 0, 16, 0, 0, 0.000000
147.166084, 89, 0, 29, 2, 0, 0.000000
147.218338, 103, 0, 30, 0, 0, 0.000000
147.332844, 92, 0, 17, 0, 0, 0.000000
147.342046, 91, 0, 22, 2, 0, 0.000000
147.419207, 77, 0, 36, 0, 0, 0.000000
147.458439, 84, 0, 6, 0, 0, 0.000000
147.495799, 91, 0, 19, 0, 0, 0.000000
147.608964, 94, 0, 22, 0, 0, 0.000000
147.682954, 81, 0, 25, 0, 0, 0.000000
147.765831, 72, 0, 43, 0, 0, 0.000000
147.904187, 73, 0, 28, 2, 0, 0.000000
147.928935, 87, 0, 30, 0, 0, 0.000000
148.006634, 98, 0, 34, 0, 0, 0.000000
148.047771, 93, 0, 43, 0, 0, 0.000000
148.099496, 85, 0, 14, 0, 0, 0.000000
148.137781, 98, 0, 9, 0, 0, 0.000000
148.205016, 96, 1, 12, 2, 0, 0.000000
148.260359, 84, 0, 44, 0, 0, 0.000000
148.393268, 90, 0, 15, 0, 0, 0.000000
148.412328, 94, 1, 24, 0, 0, 0.000000
148.526211, 93, 0, 27, 0, 0, 0.000000
148.605947, 90, 0, 15, 2, 0, 0.000000
148.685283, 88, 0, 25, 0, 0, 0.000000
148.708888, 86, 0, 34, 0, 0, 0.000000
148.806267, 89, 0, 40, 0, 0, 0.000000
148.866672, 93, 0, 31, 2, 0, 0.000000
148.910112, 90, 1, 15, 0, 0, 0.000000
148.981996, 99, 0, 27, 0, 0, 0.000000
149.111427, 93, 0, 4, 0, 0, 0.000000
149.154359, 90, 0, 36, 0, 0, 0.000000
149.245230, 75, 1, 5, 2, 0, 0.000000
149.318168, 85, 0, 29, 0, 0, 0.000000
149.367021, 96, 0, 25, 0, 0, 0.000000
149.435349, 100, 0, 29, 0, 0, 0.000000
149.524693, 91, 0, 32, 0, 0, 0.000000
149.560122, 84, 0, 21, 0, 0, 0.000000
149.634965, 97, 0, 22, 0, 0, 0.000000
149.690911, 61, 0, 13, 0, 0, 0.000000
149.806578, 92, 0, 20, 0, 0, 0.000000
149.856807, 92, 0, 21, 4, 0, 0.000000
149.938658, 78, 0, 22, 0, 0, 0.000000
149.999775, 90, 0, 46, 0, 0, 0.000000
150.061254, 88, 0, 35, 0, 0, 0.000000
150.090204, 79, 0, 24, 0, 0, 0.000000
150.165219, 93, 0, 13, 0, 0, 0.000000
300.022533, 296, 0, 104, 0, 0, 0.000000
300.075798, 272, 0, 105, 0, 0, 0.000000
300.093890, 315, 0, 132, 2, 0, 0.000000
300.133009, 315, 0, 75, 0, 0, 0.000000
300.155563, 294, 0, 123, 0, 0, 0.000000
300.165339, 296, 0, 109, 2, 0, 0.000000
300.199840, 303, 0, 119, 2, 0, 0.000000
300.232961, 317, 0, 133, 2, 0, 0.000000
300.267679, 314, 0, 116, 0, 0, 0.000000
300.292456, 304, 0, 90, 0, 0, 0.000000
300.350506, 329, 0, 113, 0, 0, 0.000000
300.365376, 273, 0, 71, 0, 0, 0.000000
300.371842, 317, 0, 136, 0, 0, 0.000000
300.434403, 287, 0, 130, 0, 0, 0.000000
300.451009, 330, 0, 130, 4, 0, 0.000000
300.506996, 309, 0, 115, 2, 0, 0.000000
300.538050, 301, 0, 74, 0, 0, 0.000000
300.559769, 300, 0, 71, 0, 0, 0.000000
300.625755, 329, 0, 94, 0, 0, 0.000000
300.637396, 305, 0, 77, 0, 0, 0.000000
300.660748, 304, 0, 98, 2, 0, 0.000000
300.715517, 348, 0, 67, 0, 0, 0.000000
300.752400, 250, 0, 74, 2, 0, 0.000000
300.813438, 318, 0, 108, 0, 0, 0.000000
300.846952, 325, 0, 109, 0, 0, 0.000000
300.864706, 316, 0, 94, 2, 0, 0.000000
300.930391, 323, 0, 142, 0, 0, 0.000000
300.985391, 321, 0, 156, 0, 0, 0.000000
300.992025, 296, 0, 102, 2, 0, 0.000000
301.046873, 302, 0, 102, 2, 0, 0.000000
301.085123, 297, 0, 88, 2, 0, 0.000000
301.100555, 266, 0, 117, 0, 0, 0.000000
301.139996, 260, 0, 66, 0, 0, 0.000000
301.156473, 341, 0, 91, 0, 0, 0.000000
301.192731, 310, 0, 91, 2, 0, 0.000000
301.216542, 307, 0, 126, 0, 0, 0.000000
301.245526, 281, 0, 116, 0, 0, 0.000000
301.295129, 274, 1, 82, 2, 0, 0.000000
301.351799, 316, 0, 91, 0, 0, 0.000000
301.381687, 318, 0, 103, 0, 0, 0.000000
301.412283, 304, 0, 98, 0, 0, 0.000000
301.458239, 331, 0, 112, 0, 0, 0.000000
301.504002, 280, 0, 102, 0, 0, 0.000000
301.533821, 307, 0, 78, 0, 0, 0.000000
301.570209, 263, 1, 79, 2, 0, 0.000000
301.604501, 291, 1, 71, 0, 0, 0.000000
301.634003, 305, 0, 70, 2, 0, 0.000000
301.660877, 330, 0, 104, 2, 0, 0.000000
301.688251, 303, 0, 146, 4, 0, 0.000000
301.694716, 304, 0, 146, 2, 0, 0.000000
301.765558, 331, 0, 74, 2, 0, 0.000000
301.788410, 289, 0, 89, 0, 0, 0.000000
301.824908, 322, 0, 93, 2, 0, 0.000000
301.884219, 333, 0, 87, 0, 0, 0.000000
301.928543, 350, 0, 93, 2, 0, 0.000000
301.944138, 324, 0, 123, 2, 0, 0.000000
301.970840, 314, 0, 85, 0, 0, 0.000000
302.012689, 323, 0, 118, 0, 0, 0.000000
302.037607, 326, 0, 119, 0, 0, 0.000000
302.073248, 302, 0, 91, 4, 0, 0.000000
302.102559, 337, 0, 106, 2, 0, 0.000000
302.110258, 292, 0, 53, 2, 0, 0.000000
302.137867, 336, 0, 137, 0, 0, 0.000000
302.184405, 297, 0, 128, 0, 0, 0.000000
302.219069, 321, 1, 84, 0, 0, 0.000000
302.297992, 297, 0, 126, 2, 0, 0.000000
302.338121, 280, 0, 65, 4, 0, 0.000000
302.350772, 301, 0, 115, 0, 0, 0.000000
302.364541, 321, 0, 103, 0, 0, 0.000000
302.395789, 343, 0, 122, 0, 0, 0.000000
302.431834, 273, 0, 90, 0, 0, 0.000000
302.467555, 338, 0, 109, 2, 0, 0.000000
302.472376, 306, 0, 134, 0, 0, 0.000000
302.511149, 315, 0, 89, 0, 0, 0.000000
302.545704, 349, 0, 109, 0, 0, 0.000000
302.615460, 321, 0, 121, 2, 0, 0.000000
302.640641, 338, 0, 130, 0, 0, 0.000000
302.705178, 299, 0, 120, 2, 0, 0.000000
302.735004, 332, 0, 96, 0, 0, 0.000000
302.764993, 328, 0, 120, 0, 0, 0.000000
302.790112, 330, 1, 137, 0, 0, 0.000000
302.797603, 265, 0, 113, 2, 0, 0.000000
302.834542, 315, 0, 81, 2, 0, 0.000000
302.865841, 296, 0, 60, 0, 0, 0.000000
302.871714, 276, 0, 125, 0, 0, 0.000000
302.901883, 290, 0, 129, 0, 0, 0.000000
302.918669, 310, 0, 116, 0, 0, 0.000000
303.008487, 318, 0, 58, 0, 0, 0.000000
303.018268, 301, 0, 92, 0, 0, 0.000000
303.059450, 333, 0, 113, 0, 0, 0.000000
303.126085, 336, 0, 146, 2, 0, 0.000000
303.151567, 281, 0, 78, 2, 0, 0.000000
303.206418, 317, 0, 89, 0, 0, 0.000000
303.227856, 335, 0, 99, 2, 0, 0.000000
303.241566, 327, 0, 121, 2, 0, 0.000000
303.264619, 291, 0, 77, 0, 0, 0.000000
303.307961, 312, 0, 74, 2, 0, 0.000000
303.334003, 312, 0, 134, 0, 0, 0.000000
303.352169, 283, 0, 104, 0, 0, 0.000000
303.397400, 297, 0, 66, 0, 0, 0.000000
303.433252, 335, 0, 112, 2, 0, 0.000000
303.492758, 322, 0, 85, 0, 0, 0.000000
303.506593, 334, 0, 127, 0, 0, 0.000000
303.536474, 292, 0, 113, 2, 0, 0.000000
303.573728, 283, 1, 62, 0, 0, 0.000000
303.603232, 320, 0, 131, 0, 0, 0.000000
303.638349, 289, 1, 77, 0, 0, 0.000000
303.687656, 299, 0, 103, 4, 0, 0.000000
303.732194, 308, 0, 120, 2, 0, 0.000000
303.755178, 307, 0, 120, 0, 0, 0.000000
303.803774, 325, 0, 92, 0, 0, 0.000000
303.806056, 326, 0, 106, 0, 0, 0.000000
303.848752, 307, 0, 98, 0, 0, 0.000000
303.911032, 329, 0, 128, 4, 0, 0.000000
303.955782, 315, 0, 108, 0, 0, 0.000000
303.988433, 344, 0, 100, 0, 0, 0.000000
304.019642, 300, 1, 91, 2, 0, 0.000000
304.051825, 294, 0, 74, 0, 0, 0.000000
304.095977, 319, 0, 90, 0, 0, 0.000000
304.108778, 323, 0, 94, 0, 0, 0.000000
304.174038, 338, 0, 112, 2, 0, 0.000000
304.216017, 333, 0, 72, 0, 0, 0.000000
304.221210, 275, 0, 100, 0, 0, 0.000000
304.250516, 312, 0, 152, 0, 0, 0.000000
304.299392, 328, 0, 92, 0, 0, 0.000000
304.312734, 307, 0, 140, 0, 0, 0.000000
304.375278, 318, 0, 121, 4, 0, 0.000000
304.377788, 341, 0, 138, 0, 0, 0.000000
304.402165, 317, 0, 78, 2, 0, 0.000000
304.416925, 324, 1, 108, 0, 0, 0.000000
304.492654, 308, 0, 105, 0, 0, 0.000000
304.503054, 291, 0, 76, 0, 0, 0.000000
304.526305, 333, 0, 93, 4, 0, 0.000000
304.571038, 325, 0, 101, 4, 0, 0.000000
304.618467, 291, 0, 68, 2, 0, 0.000000
304.669157, 311, 0, 117, 0, 0, 0.000000
304.711391, 324, 0, 133, 0, 0, 0.000000
304.745262, 290, 0, 95, 2, 0, 0.000000
304.772371, 306, 0, 123, 0, 0, 0.000000
304.791940, 274, 0, 136, 0, 0, 0.000000
304.859492, 323, 0, 114, 0, 0, 0.000000
304.864716, 344, 0, 119, 0, 0, 0.000000
304.900504, 330, 0, 115, 0, 0, 0.000000
304.923704, 320, 0, 96, 2, 0, 0.000000
304.999864, 294, 0, 116, 2, 0, 0.000000
305.021588, 369, 0, 105, 0, 0, 0.000000
305.050139, 321, 0, 108, 2, 0, 0.000000
305.071206, 299, 0, 108, 2, 0, 0.000000
305.100019, 320, 0, 129, 2, 0, 0.000000
305.115429, 312, 0, 81, 2, 0, 0.000000
305.121530, 296, 0, 135, 2, 0, 0.000000
305.154284, 304, 0, 156, 0, 0, 0.000000
305.201101, 331, 1, 120, 0, 0, 0.000000
305.214886, 329, 0, 104, 0, 0, 0.000000
305.272400, 290, 0, 73, 0, 0, 0.000000
305.339990, 346, 0, 120, 0, 0, 0.000000
305.354712, 316, 0, 104, 0, 0, 0.000000
305.389230, 322, 0, 77, 0, 0, 0.000000
305.433708, 341, 0, 107, 0, 0, 0.000000
305.455596, 324, 0, 106, 2, 0, 0.000000
305.479025, 320, 0, 125, 0, 0, 0.000000
305.534398, 341, 0, 146, 0, 0, 0.000000
305.537861, 333, 0, 123, 0, 0, 0.000000
305.568765, 317, 0, 105, 0, 0, 0.000000
500.025321, 795, 1, 262, 0, 0, 0.000000
500.072148, 773, 0, 330, 0, 0, 0.000000
500.081827, 787, 0, 312, 4, 0, 0.000000
500.102224, 781, 0, 310, 0, 0, 0.000000
500.118219, 789, 0, 303, 0, 0, 0.000000
500.147696, 772, 0, 252, 4, 0, 0.000000
500.177011, 809, 0, 352, 0, 0, 0.000000
500.180697, 756, 0, 295, 0, 0, 0.000000
500.198945, 811, 0, 266, 0, 0, 0.000000
500.218876, 785, 0, 356, 4, 0, 0.000000
500.239640, 799, 0, 312, 2, 0, 0.000000
500.247727, 871, 0, 307, 0, 0, 0.000000
500.255065, 822, 0, 214, 2, 0, 0.000000
500.270187, 840, 0, 352, 2, 0, 0.000000
500.317105, 837, 0, 306, 9, 0, 0.000000
500.330433, 813, 0, 325, 2, 0, 0.000000
500.343735, 806, 0, 178, 0, 0, 0.000000
500.367025, 788, 0, 316, 0, 0, 0.000000
500.389923, 801, 0, 347, 4, 0, 0.000000
500.422872, 857, 0, 259, 0, 0, 0.000000
500.441146, 792, 0, 179, 2, 0, 0.000000
500.468192, 691, 0, 343, 0, 0, 0.000000
500.469874, 799, 0, 304, 4, 0, 0.000000
500.495181, 794, 0, 251, 4, 0, 0.000000
500.508555, 819, 0, 263, 0, 0, 0.000000
500.528106, 767, 0, 323, 2, 0, 0.000000
500.542061, 824, 0, 169, 2, 0, 0.000000
500.589607, 811, 0, 276, 0, 0, 0.000000
500.611968, 799, 1, 305, 2, 0, 0.000000
500.633484, 839, 0, 277, 2, 0, 0.000000
500.653574, 763, 0, 303, 0, 0, 0.000000
500.664226, 825, 0, 264, 0, 0, 0.000000
500.678820, 812, 0, 253, 4, 0, 0.000000
500.694261, 808, 1, 296, 0, 0, 0.000000
500.711300, 784, 0, 343, 0, 0, 0.000000
500.770742, 830, 0, 242, 0, 0, 0.000000
500.779587, 840, 0, 242, 0, 0, 0.000000
500.788918, 808, 0, 304, 0, 0, 0.000000
500.815856, 809, 0, 265, 4, 0, 0.000000
500.831658, 823, 0, 272, 2, 0, 0.000000
500.847200, 787, 0, 242, 0, 0, 0.000000
500.859829, 765, 0, 195, 0, 0, 0.000000
500.873582, 825, 0, 344, 0, 0, 0.000000
500.904599, 833, 0, 320, 0, 0, 0.000000
500.907297, 793, 0, 255, 4, 0, 0.000000
500.933018, 789, 0, 292, 2, 0, 0.000000
500.978282, 800, 0, 273, 0, 0, 0.000000
500.981585, 810, 1, 249, 2, 0, 0.000000
501.026789, 800, 0, 248, 2, 0, 0.000000
501.047828, 825, 0, 261, 2, 0, 0.000000
501.066112, 800, 0, 260, 2, 0, 0.000000
501.077362, 819, 0, 400, 0, 0, 0.000000
501.079806, 833, 0, 282, 0, 0, 0.000000
501.109755, 855, 0, 252, 0, 0, 0.000000
501.127756, 833, 1, 255, 2, 0, 0.000000
501.131082, 894, 0, 310, 0, 3, 0.000000
501.185130, 864, 0, 277, 4, 0, 0.000000
501.195307, 814, 1, 209, 0, 0, 0.000000
501.217133, 817, 1, 251, 2, 0, 0.000000
501.239235, 788, 0, 192, 0, 0, 0.000000
501.269000, 825, 0, 354, 0, 0, 0.000000
501.283765, 830, 0, 270, 0, 0, 0.000000
501.296427, 795, 0, 265, 0, 0, 0.000000
501.323018, 708, 0, 262, 2, 3, 0.000000
501.340986, 785, 0, 364, 0, 0, 0.000000
501.350844, 763, 0, 321, 6, 0, 0.000000
501.376771, 826, 0, 301, 0, 0, 0.000000
501.394623, 798, 0, 262, 2, 0, 0.000000
501.406728, 735, 0, 325, 4, 0, 0.000000
501.451584, 819, 0, 294, 2, 0, 0.000000
501.453570, 839, 0, 309, 0, 0, 0.000000
501.471549, 830, 0, 310, 6, 0, 0.000000
501.491048, 874, 0, 322, 2, 0, 0.000000
501.505633, 783, 0, 283, 4, 0, 0.000000
501.540943, 763, 0, 256, 0, 0, 0.000000
501.549327, 804, 0, 309, 2, 0, 0.000000
501.568529, 814, 0, 319, 0, 0, 0.000000
501.596801, 813, 0, 232, 2, 0, 0.000000
501.609074, 765, 0, 203, 2, 0, 0.000000
501.633738, 788, 1, 247, 4, 0, 0.000000
501.657347, 833, 0, 256, 2, 0, 0.000000
501.666362, 822, 0, 303, 0, 0, 0.000000
501.699257, 785, 1, 280, 6, 0, 0.000000
501.727989, 812, 0, 258, 0, 0, 0.000000
501.743499, 838, 0, 254, 2, 0, 0.000000
501.764467, 883, 0, 332, 0, 0, 0.000000
501.800664, 831, 0, 300, 0, 0, 0.000000
501.813602, 843, 0, 262, 0, 0, 0.000000
501.858497, 780, 0, 292, 0, 0, 0.000000
501.864249, 808, 0, 290, 0, 0, 0.000000
501.883110, 778, 0, 275, 0, 0, 0.000000
501.895517, 795, 0, 202, 0, 0, 0.000000
501.905024, 823, 0, 267, 2, 0, 0.000000
501.932797, 845, 0, 345, 0, 0, 0.000000
501.949629, 856, 0, 281, 2, 0, 0.000000
501.968911, 874, 0, 339, 0, 0, 0.000000
501.987515, 777, 0, 250, 2, 0, 0.000000
502.011301, 855, 0, 230, 0, 0, 0.000000
502.038680, 765, 0, 257, 2, 0, 0.000000
502.061058, 868, 0, 266, 0, 0, 0.000000
502.096749, 787, 0, 256, 0, 0, 0.000000
502.112356, 841, 0, 339, 4, 0, 0.000000
502.141753, 789, 0, 245, 2, 0, 0.000000
502.165321, 800, 0, 258, 0, 0, 0.000000
502.175058, 804, 0, 304, 0, 0, 0.000000
502.187266, 792, 0, 360, 4, 0, 0.000000
700.017785, 1555, 0, 572, 2, 0, 0.000000
700.028889, 1491, 1, 478, 0, 3, 0.000000
700.034303, 1553, 0, 517, 2, 0, 0.000000
700.054255, 1464, 0, 546, 0, 0, 0.000000
700.093119, 1551, 0, 451, 2, 0, 0.000000
700.102213, 1459, 0, 526, 2, 0, 0.000000
700.103648, 1415, 0, 387, 0, 0, 0.000000
700.112942, 1555, 0, 597, 2, 0, 0.000000
700.136858, 1531, 0, 583, 0, 0, 0.000000
700.144327, 1562, 0, 521, 4, 0, 0.000000
700.158074, 1474, 0, 521, 2, 0, 0.000000
700.164855, 1453, 0, 466, 2, 0, 0.000000
700.194618, 1503, 0, 507, 2, 0, 0.000000
700.198696, 1532, 0, 622, 2, 0, 0.000000
700.212146, 1529, 0, 702, 0, 0, 0.000000
700.215352, 1506, 0, 550, 5, 0, 0.000000
700.232608, 1547, 0, 547, 0, 0, 0.000000
700.251483, 1586, 0, 487, 0, 0, 0.000000
700.278315, 1549, 0, 553, 2, 0, 0.000000
700.279277, 1548, 0, 650, 6, 0, 0.000000
700.289086, 1549, 0, 506, 0, 0, 0.000000
700.314684, 1555, 0, 668, 0, 0, 0.000000
700.321329, 1534, 0, 578, 0, 0, 0.000000
700.337758, 1401, 0, 428, 0, 0, 0.000000
700.355954, 1534, 0, 491, 0, 0, 0.000000
700.379558, 1501, 0, 577, 4, 0, 0.000000
700.391267, 1547, 0, 513, 0, 0, 0.000000
700.403217, 1542, 0, 511, 2, 0, 0.000000
700.409474, 1524, 1, 583, 0, 0, 0.000000
700.432168, 1520, 0, 544, 4, 0, 0.000000
700.443281, 1565, 0, 506, 2, 0, 0.000000
700.472865, 1469, 1, 664, 4, 0, 0.000000
700.491239, 1508, 0, 530, 2, 0, 0.000000
700.495824, 1498, 0, 640, 0, 0, 0.000000
700.499490, 1531, 0, 573, 2, 0, 0.000000
700.506787, 1566, 0, 609, 10, 0, 0.000000
700.525806, 1542, 0, 560, 6, 0, 0.000000
700.536668, 1538, 0, 529, 0, 0, 0.000000
700.550044, 1449, 0, 437, 0, 0, 0.000000
700.578514, 1543, 0, 511, 2, 0, 0.000000
700.595169, 1612, 0, 572, 0, 0, 0.000000
700.612383, 1555, 1, 626, 2, 0, 0.000000
700.623690, 1542, 0, 568, 8, 0, 0.000000
700.636129, 1513, 0, 689, 0, 0, 0.000000
700.650531, 1535, 0, 486, 2, 0, 0.000000
700.681031, 1513, 0, 614, 4, 0, 0.000000
700.687900, 1520, 0, 495, 0, 0, 0.000000
700.699493, 1566, 1, 581, 4, 0, 0.000000
700.712281, 1567, 0, 540, 2, 0, 0.000000
700.731809, 1556, 0, 504, 4, 0, 0.000000
700.743192, 1463, 0, 482, 0, 0, 0.000000
700.771855, 1435, 0, 537, 2, 0, 0.000000
700.775581, 1532, 1, 595, 4, 0, 0.000000
700.784298, 1585, 0, 484, 4, 0, 0.000000
700.808694, 1538, 0, 541, 2, 0, 0.000000
700.813524, 1475, 1, 513, 2, 0, 0.000000
700.845270, 1426, 0, 440, 0, 2, 0.000000
700.856053, 1566, 0, 708, 0, 0, 0.000000
700.863203, 1528, 0, 591, 4, 0, 0.000000
700.886158, 1506, 0, 737, 2, 0, 0.000000
700.901347, 1520, 0, 461, 0, 0, 0.000000
700.906686, 1627, 0, 559, 8, 0, 0.000000
700.912108, 1473, 0, 504, 2, 0, 0.000000
700.928756, 1515, 0, 536, 0, 0, 0.000000
700.941533, 1579, 0, 513, 2, 0, 0.000000
700.950307, 1497, 0, 530, 0, 0, 0.000000
700.971110, 1598, 0, 613, 2, 0, 0.000000
700.983948, 1500, 0, 683, 4, 0, 0.000000
701.005080, 1566, 1, 565, 6, 0, 0.000000
701.021477, 1458, 0, 569, 0, 0, 0.000000
701.043963, 1479, 1, 512, 2, 0, 0.000000
701.052576, 1559, 1, 450, 2, 0, 0.000000
701.067746, 1501, 0, 460, 0, 0, 0.000000
701.084945, 1572, 0, 711, 0, 0, 0.000000
701.097228, 1534, 1, 583, 4, 0, 0.000000
701.107936, 1556, 0, 572, 4, 0, 0.000000
701.130869, 1570, 0, 560, 2, 0, 0.000000
701.133252, 1549, 1, 651, 2, 0, 0.000000
701.149579, 1579, 0, 532, 0, 0, 0.000000
701.160895, 1523, 1, 502, 2, 0, 0.000000
701.180102, 1552, 1, 644, 0, 0, 0.000000
701.192473, 1518, 0, 416, 2, 0, 0.000000
900.007642, 2510, 0, 974, 6, 0, 0.000000
900.010821, 2527, 1, 1092, 0, 0, 0.000000
900.029377, 2547, 0, 811, 2, 0, 0.000000
900.037613, 2584, 0, 960, 6, 0, 0.000000
900.042832, 2525, 0, 1014, 2, 0, 0.000000
900.056928, 2571, 0, 922, 0, 3, 0.000000
900.072417, 2424, 0, 912, 4, 0, 0.000000
900.079191, 2501, 0, 870, 0, 0, 0.000000
900.094762, 2472, 0, 948, 2, 0, 0.000000
900.098906, 2427, 0, 981, 0, 0, 0.000000
900.103617, 2410, 0, 862, 5, 0, 0.000000
900.121024, 2524, 0, 944, 2, 0, 0.000000
900.133461, 2485, 0, 923, 6, 0, 0.000000
900.150748, 2548, 0, 891, 0, 0, 0.000000
900.164539, 2499, 0, 1262, 0, 0, 0.000000
900.187211, 2558, 0, 880, 6, 0, 0.000000
900.190718, 2568, 0, 815, 4, 0, 0.000000
900.208337, 2529, 0, 955, 2, 0, 0.000000
900.221345, 2482, 0, 1147, 10, 0, 0.000000
900.230856, 2522, 0, 899, 6, 0, 0.000000
900.234431, 2529, 0, 914, 0, 0, 0.000000
900.242518, 2476, 0, 770, 6, 0, 0.000000
900.244120, 2461, 0, 973, 2, 0, 0.000000
900.254496, 2541, 0, 908, 4, 0, 0.000000
900.269095, 2501, 0, 919, 0, 0, 0.000000
900.275778, 2489, 0, 858, 2, 0, 0.000000
900.301817, 2415, 0, 764, 4, 0, 0.000000
900.303572, 2370, 0, 830, 2, 0, 0.000000
900.313859, 2460, 0, 840, 0, 0, 0.000000
900.323272, 2522, 0, 1032, 0, 0, 0.000000
900.337264, 2445, 0, 1138, 4, 0, 0.000000
900.351949, 2405, 0, 935, 2, 0, 0.000000
900.357315, 2529, 0, 955, 0, 0, 0.000000
900.371647, 2319, 0, 857, 4, 0, 0.000000
900.380414, 2487, 0, 886, 0, 0, 0.000000
900.389481, 2512, 0, 1138, 2, 0, 0.000000
900.400461, 2478, 3, 759, 0, 0, 0.000000
900.414052, 2566, 1, 806, 4, 0, 0.000000
900.432304, 2600, 0, 906, 2, 0, 0.000000
900.437247, 2539, 0, 841, 2, 0, 0.000000
900.448739, 2460, 0, 979, 4, 0, 0.000000
900.460307, 2492, 1, 958, 6, 0, 0.000000
900.467942, 2466, 0, 984, 6, 0, 0.000000
900.472457, 2488, 0, 684, 4, 0, 0.000000
900.489320, 2475, 1, 852, 4, 0, 0.000000
900.502901, 2494, 0, 913, 6, 0, 0.000000
900.516547, 2395, 2, 1064, 6, 0, 0.000000
900.532890, 2552, 0, 916, 2, 0, 0.000000
900.540073, 2467, 0, 904, 2, 0, 0.000000
900.565143, 2422, 1, 957, 2, 0, 0.000000
900.572492, 2543, 0, 882, 8, 0, 0.000000
900.578426, 2434, 0, 839, 4, 0, 0.000000
900.593254, 2504, 1, 1025, 4, 0, 0.000000
900.601437, 2537, 1, 979, 4, 0, 0.000000
900.612845, 2554, 0, 964, 0, 0, 0.000000
900.626032, 2449, 2, 954, 0, 0, 0.000000
900.646202, 2431, 0, 728, 2, 0, 0.000000
900.656136, 2456, 0, 1204, 4, 0, 0.000000
900.670666, 2474, 0, 892, 0, 0, 0.000000
900.672642, 2496, 0, 1039, 2, 0, 0.000000
900.684478, 2501, 0, 902, 0, 0, 0.000000
900.694165, 2514, 0, 999, 2, 0, 0.000000
900.704187, 2469, 1, 933, 2, 0, 0.000000
900.719714, 2526, 1, 902, 8, 0, 0.000000
900.730560, 2580, 0, 960, 2, 0, 0.000000
900.738730, 2423, 0, 854, 10, 0, 0.000000
900.751235, 2425, 0, 895, 0, 0, 0.000000
900.755280, 2542, 0, 966, 4, 0, 0.000000
900.770701, 2470, 2, 799, 2, 0, 0.000000
900.788787, 2570, 0, 1090, 6, 0, 0.000000
900.794856, 2541, 0, 892, 2, 0, 0.000000
900.798131, 2556, 0, 1006, 0, 0, 0.000000
1100.002467, 3705, 2, 1466, 2, 0, 0.000000
1100.026790, 3701, 0, 1377, 2, 0, 0.000000
1100.032918, 3602, 0, 1240, 2, 4, 0.000000
1100.038148, 3649, 0, 1617, 0, 0, 0.000000
1100.043749, 3674, 0, 1264, 3, 0, 0.000000
1100.053579, 3602, 0, 1507, 2, 0, 0.000000
1100.072734, 3669, 1, 1256, 0, 0, 0.000000
1100.080216, 3747, 0, 1454, 4, 0, 0.000000
1100.092548, 3773, 0, 1443, 2, 0, 0.000000
1100.099105, 3666, 0, 1364, 0, 0, 0.000000
1100.103627, 3633, 0, 1514, 4, 0, 0.000000
1100.124918, 3695, 0, 1326, 2, 0, 0.000000
1100.131678, 3565, 0, 1167, 7, 0, 0.000000
1100.149793, 3640, 0, 1088, 2, 0, 0.000000
1100.155859, 3688, 0, 1421, 0, 0, 0.000000
1100.160773, 3673, 0, 1397, 2, 0, 0.000000
1100.174002, 3638, 0, 1314, 0, 0, 0.000000
1100.179723, 3588, 0, 1738, 10, 0, 0.000000
1100.184941, 3627, 0, 1405, 6, 0, 0.000000
1100.190821, 3683, 0, 1418, 0, 0, 0.000000
1100.208221, 3629, 1, 1545, 5, 0, 0.000000
1100.216687, 3670, 0, 1507, 0, 0, 0.000000
1100.224649, 3653, 0, 1299, 2, 0, 0.000000
1100.239547, 3677, 1, 1525, 2, 0, 0.000000
1100.248071, 3699, 0, 1405, 2, 0, 0.000000
1100.250153, 3394, 1, 1286, 4, 4, 0.000000
1100.253898, 3553, 1, 1108, 2, 0, 0.000000
1100.262644, 3714, 0, 1238, 4, 0, 0.000000
1100.267094, 3526, 0, 1463, 2, 0, 0.000000
1100.284190, 3683, 0, 1415, 6, 0, 0.000000
1100.289546, 3716, 1, 1409, 0, 0, 0.000000
1100.305614, 3638, 0, 1412, 6, 0, 0.000000
1100.308297, 3583, 0, 1445, 2, 0, 0.000000
1100.314781, 3766, 0, 1407, 4, 0, 0.000000
1100.331559, 3607, 0, 1562, 4, 0, 0.000000
1100.338283, 3517, 0, 1368, 6, 0, 0.000000
1100.341886, 3711, 0, 1530, 4, 0, 0.000000
1100.355995, 3798, 0, 1309, 2, 0, 0.000000
1100.369676, 3635, 0, 1184, 4, 0, 0.000000
1100.382429, 3683, 0, 1512, 4, 0, 0.000000
1100.389346, 3599, 0, 1583, 6, 0, 0.000000
1100.395266, 3548, 2, 1283, 2, 0, 0.000000
1100.399366, 3684, 1, 1421, 2, 0, 0.000000
1100.408097, 3741, 1, 1455, 0, 0, 0.000000
1100.432703, 3754, 0, 1290, 4, 0, 0.000000
1100.435325, 3632, 0, 1358, 4, 0, 0.000000
1100.437850, 3602, 0, 1231, 4, 0, 0.000000
1100.460773, 3650, 0, 1536, 2, 0, 0.000000
1100.465236, 3714, 0, 1329, 4, 0, 0.000000
1100.474968, 3567, 0, 1348, 4, 0, 0.000000
1100.492934, 3773, 0, 1507, 4, 0, 0.000000
1100.503262, 3725, 0, 1623, 2, 0, 0.000000
1100.506697, 3748, 0, 1279, 6, 0, 0.000000
1100.511646, 3677, 0, 1277, 4, 0, 0.000000
1100.514409, 3637, 0, 1584, 6, 0, 0.000000
1100.518686, 3618, 0, 1562, 4, 0, 0.000000
1100.541476, 3777, 0, 1264, 4, 0, 0.000000
1100.550172, 3584, 0, 1254, 0, 0, 0.000000
1100.560960, 3810, 2, 1250, 6, 0, 0.000000
1100.581279, 3635, 0, 1513, 6, 0, 0.000000
1100.586522, 3663, 0, 1365, 2, 0, 0.000000
1100.591443, 3615, 0, 1354, 6, 0, 0.000000
1100.599373, 3666, 0, 1345, 6, 0, 0.000000
1300.000181, 5113, 0, 1768, 4, 0, 0.000000
1300.004486, 5174, 1, 1987, 2, 0, 0.000000
1300.013691, 5176, 0, 1959, 12, 0, 0.000000
1300.022303, 5126, 0, 1788, 2, 0, 0.000000
1300.029126, 5168, 0, 1805, 0, 2, 0.000000
1300.033233, 5018, 0, 2175, 0, 0, 0.000000
1300.036494, 5073, 0, 1897, 6, 0, 0.000000
1300.055856, 5183, 0, 2168, 2, 0, 0.000000
1300.057497, 5120, 0, 1590, 2, 0, 0.000000
1300.066299, 5013, 0, 1936, 0, 0, 0.000000
1300.070529, 5189, 0, 2073, 4, 0, 0.000000
1300.084760, 5022, 0, 2003, 2, 0, 0.000000
1300.090386, 5079, 0, 2016, 6, 0, 0.000000
1300.097982, 5080, 0, 2129, 2, 0, 0.000000
1300.101136, 5134, 0, 2029, 2, 0, 0.000000
1300.111106, 5051, 0, 1821, 6, 0, 0.000000
1300.118986, 5143, 0, 2032, 4, 0, 0.000000
1300.124864, 5163, 0, 2165, 8, 0, 0.000000
1300.138705, 5055, 1, 2021, 0, 0, 0.000000
1300.146930, 5189, 0, 2023, 4, 0, 0.000000
1300.160285, 5188, 0, 2111, 2, 0, 0.000000
1300.160709, 5107, 0, 2049, 2, 0, 0.000000
1300.175991, 5075, 0, 1671, 3, 0, 0.000000
1300.176585, 5099, 0, 1898, 4, 0, 0.000000
1300.192125, 5046, 1, 1930, 4, 0, 0.000000
1300.194999, 4983, 1, 1934, 2, 0, 0.000000
1300.207269, 4819, 0, 1624, 6, 0, 0.000000
1300.210061, 5132, 0, 1897, 4, 3, 0.000000
1300.217116, 4958, 0, 1888, 12, 0, 0.000000
1300.227425, 5242, 0, 2028, 8, 0, 0.000000
1300.230227, 5109, 0, 1693, 4, 0, 0.000000
1300.235872, 5129, 0, 2000, 0, 0, 0.000000
1300.248414, 5069, 0, 1732, 2, 0, 0.000000
1300.257615, 5224, 0, 2067, 6, 0, 0.000000
1300.266750, 5005, 0, 2031, 2, 0, 0.000000
1300.272332, 5168, 0, 1929, 8, 0, 0.000000
1300.286178, 5049, 0, 1728, 0, 0, 0.000000
1300.290804, 5002, 0, 1914, 6, 0, 0.000000
1300.295314, 5130, 0, 1947, 2, 0, 0.000000
1300.302803, 5055, 1, 1911, 8, 0, 0.000000
1300.313531, 4962, 1, 2240, 2, 0, 0.000000
1300.317810, 5156, 1, 1885, 2, 0, 0.000000
1300.326442, 5066, 0, 1910, 4, 0, 0.000000
1300.333638, 5054, 0, 1931, 2, 0, 0.000000
1300.340361, 5036, 1, 1817, 2, 0, 0.000000
1300.348831, 5051, 0, 2029, 2, 0, 0.000000
1300.352092, 5216, 0, 1764, 4, 0, 0.000000
1300.368311, 5161, 1, 1778, 4, 0, 0.000000
1300.373096, 5101, 0, 1704, 6, 0, 0.000000
1300.375673, 5077, 0, 2066, 2, 0, 0.000000
1300.390213, 5043, 0, 1693, 2, 0, 0.000000
1300.398949, 5147, 1, 1623, 0, 0, 0.000000
1500.007506, 6829, 0, 2767, 10, 0, 0.000000
1500.015142, 6691, 0, 2788, 6, 0, 0.000000
1500.019687, 6735, 0, 2796, 2, 0, 0.000000
1500.032028, 6793, 0, 2714, 6, 0, 0.000000
1500.040739, 6749, 0, 2498, 10, 0, 0.000000
1500.042885, 6820, 0, 2485, 2, 0, 0.000000
1500.046750, 6589, 0, 2505, 2, 0, 0.000000
1500.060423, 6603, 0, 2416, 8, 0, 0.000000
1500.066628, 6571, 0, 2631, 4, 0, 0.000000
1500.077343, 6707, 0, 2411, 4, 0, 0.000000
1500.083367, 6810, 0, 2566, 6, 0, 0.000000
1500.085585, 6506, 0, 2813, 2, 0, 0.000000
1500.100895, 6857, 0, 2411, 2, 0, 0.000000
1500.102976, 6804, 0, 2352, 6, 0, 0.000000
1500.113499, 6693, 1, 2669, 9, 0, 0.000000
1500.115498, 6718, 0, 2350, 0, 0, 0.000000
1500.123841, 6775, 1, 2795, 6, 0, 0.000000
1500.131697, 6745, 0, 2710, 0, 0, 0.000000
1500.136244, 6606, 0, 2221, 8, 0, 0.000000
1500.145439, 6795, 0, 2593, 8, 0, 0.000000
1500.152222, 6690, 0, 2550, 4, 0, 0.000000
1500.155128, 6774, 0, 2835, 6, 0, 0.000000
1500.157709, 6721, 1, 2515, 5, 0, 0.000000
1500.167269, 6616, 0, 2233, 4, 0, 0.000000
1500.178844, 6414, 0, 2290, 6, 3, 0.000000
1500.182066, 6754, 0, 2403, 2, 0, 0.000000
1500.188148, 6891, 0, 2814, 10, 0, 0.000000
1500.199567, 6899, 0, 2587, 0, 0, 0.000000
1500.205922, 6816, 0, 2250, 10, 0, 0.000000
1500.212045, 6423, 1, 2416, 4, 3, 0.000000
1500.219471, 6733, 0, 2807, 2, 0, 0.000000
1500.230593, 6859, 0, 2681, 6, 0, 0.000000
1500.237778, 6651, 0, 3025, 2, 0, 0.000000
1500.242362, 6819, 0, 2776, 12, 0, 0.000000
1500.244416, 6667, 0, 2846, 2, 0, 0.000000
1500.250770, 6795, 0, 2206, 4, 0, 0.000000
1500.259349, 6636, 0, 2304, 4, 0, 0.000000
1500.271784, 6518, 0, 2654, 6, 0, 0.000000
1500.274819, 6910, 0, 2750, 2, 0, 0.000000
1500.281748, 6710, 0, 2410, 6, 0, 0.000000
1500.289260, 6822, 0, 2579, 2, 0, 0.000000
1500.298345, 6778, 0, 2687, 6, 0, 0.000000
1500.301815, 6854, 0, 2629, 8, 0, 0.000000
1500.309269, 6774, 0, 2346, 2, 0, 0.000000
1500.311238, 6469, 0, 2179, 2, 0, 0.000000
1500.314766, 6643, 0, 2431, 0, 0, 0.000000
1500.329876, 6799, 0, 2827, 2, 0, 0.000000
1500.335874, 6575, 0, 2593, 10, 0, 0.000000
1500.336665, 6771, 0, 2470, 4, 0, 0.000000
1500.344920, 6873, 0, 2411, 4, 0, 0.000000
1500.356934, 6884, 0, 2657, 2, 0, 0.000000
1500.360511, 6760, 0, 2641, 8, 0, 0.000000
1500.366693, 6851, 0, 2224, 0, 0, 0.000000
1500.378451, 6796, 0, 2623, 6, 0, 0.000000
1500.383246, 6906, 0, 2463, 2, 0, 0.000000
1500.386161, 6690, 0, 2658, 10, 0, 0.000000
1500.394408, 6712, 0, 2540, 4, 0, 0.000000
1700.001607, 8664, 0, 2884, 8, 0, 0.000000
1700.008338, 8677, 1, 3204, 6, 3, 0.000000
1700.011442, 8714, 0, 3399, 6, 0, 0.000000
1700.022651, 8717, 0, 2914, 8, 0, 0.000000
1700.026548, 8752, 0, 3409, 4, 0, 0.000000
1700.035949, 8637, 0, 3525, 4, 0, 0.000000
1700.040467, 8704, 0, 3196, 4, 0, 0.000000
1700.050472, 8408, 0, 3070, 4, 0, 0.000000
1700.052220, 8731, 0, 3052, 6, 0, 0.000000
1700.054667, 8758, 0, 3349, 8, 3, 0.000000
1700.063434, 8650, 0, 3309, 8, 0, 0.000000
1700.070868, 8701, 1, 3379, 0, 0, 0.000000
1700.081226, 8637, 0, 3297, 4, 0, 0.000000
1700.085432, 8802, 0, 3581, 2, 0, 0.000000
1700.090047, 8555, 0, 3366, 6, 0, 0.000000
1700.096440, 8524, 0, 3250, 2, 0, 0.000000
1700.103659, 8685, 0, 3142, 4, 0, 0.000000
1700.104793, 8796, 0, 3246, 2, 0, 0.000000
1700.117783, 8636, 0, 3083, 3, 0, 0.000000
1700.119101, 8742, 0, 3342, 4, 0, 0.000000
1700.124625, 8683, 1, 3925, 2, 0, 0.000000
1700.134676, 8701, 0, 3457, 4, 0, 0.000000
1700.139503, 8631, 0, 3195, 14, 0, 0.000000
1700.145504, 8866, 0, 3217, 6, 0, 0.000000
1700.150741, 8789, 0, 2963, 2, 0, 0.000000
1700.162383, 8668, 0, 3320, 8, 0, 0.000000
1700.166786, 8718, 0, 3120, 8, 0, 0.000000
1700.170367, 8643, 0, 3405, 4, 0, 0.000000
1700.175342, 8609, 0, 3545, 8, 0, 0.000000
1700.185167, 8774, 1, 3426, 4, 0, 0.000000
1700.188252, 8764, 0, 3159, 10, 0, 0.000000
1700.195612, 8814, 0, 3453, 4, 0, 0.000000
1900.000543, 10726, 1, 4232, 5, 0, 0.000000
1900.005676, 10952, 0, 4016, 14, 0, 0.000000
1900.009333, 10686, 0, 3757, 2, 0, 0.000000
1900.017337, 10764, 1, 4090, 4, 0, 0.000000
1900.018283, 10684, 1, 4432, 2, 0, 0.000000
1900.033263, 10726, 0, 3991, 2, 0, 0.000000
1900.037647, 10842, 1, 4029, 10, 0, 0.000000
1900.040842, 10872, 1, 4427, 6, 0, 0.000000
1900.044061, 10927, 0, 4380, 5, 0, 0.000000
1900.051821, 10612, 0, 4274, 8, 0, 0.000000
1900.054504, 10542, 0, 4595, 8, 0, 0.000000
1900.060341, 10685, 1, 4442, 12, 0, 0.000000
1900.064264, 10698, 0, 4283, 2, 0, 0.000000
1900.075803, 11002, 0, 4013, 2, 0, 0.000000
1900.081652, 10726, 0, 4193, 10, 0, 0.000000
1900.087307, 10810, 0, 3877, 6, 0, 0.000000
1900.088935, 10766, 0, 4152, 12, 0, 0.000000
1900.092971, 10764, 1, 4349, 2, 0, 0.000000
1900.095404, 10557, 0, 4337, 14, 0, 0.000000
1900.102152, 10890, 0, 4227, 4, 0, 0.000000
1900.105446, 10634, 0, 4341, 6, 0, 0.000000
1900.109453, 10820, 0, 4166, 6, 0, 0.000000
1900.114990, 10782, 0, 4213, 4, 0, 0.000000
1900.120986, 10818, 0, 4064, 6, 0, 0.000000
1900.135672, 10796, 0, 4344, 6, 0, 0.000000
1900.140033, 10825, 0, 3837, 0, 0, 0.000000
1900.142303, 10879, 0, 3881, 6, 0, 0.000000
1900.147280, 10777, 0, 3864, 13, 0, 0.000000
1900.154709, 10513, 0, 4173, 2, 0, 0.000000
1900.162854, 10724, 0, 4376, 4, 0, 0.000000
1900.165687, 10646, 0, 4249, 4, 0, 0.000000
1900.171100, 10660, 0, 3802, 4, 0, 0.000000
1900.179212, 10525, 0, 4575, 10, 0, 0.000000
1900.180889, 10562, 0, 3701, 8, 0, 0.000000
1900.185681, 10608, 0, 3826, 4, 0, 0.000000
1900.195520, 10529, 0, 4477, 6, 0, 0.000000
1900.198581, 10811, 1, 4408, 6, 0, 0.000000
