775.35 6.16 380.550018 13348.98
775.45 7.3 479.369995 15665.31
775.55 6.16 382.23999 13967.68
775.65 6.25 385.009979 14400.12
775.75 6.14 378.220001 13313.51
775.85 16.299999 748.140015 25149.8
775.95 7.09 311.230011 11804.81
776.05 6.62 393.350006 14955.94
776.15 7.35 497.830017 17583.47
776.25 6.14 381.299988 13859.48
776.35 6.95 377.679993 13190.54
776.45 6.2 387.279999 14537.62
776.55 7.96 491.750031 16939.96
776.65 6.1 388.889984 13956.19
776.75 7.4 492.5 17145.82
776.85 6.26 382.660004 13196.58
776.95 6.35 388.990021 13863.56
777.05 6.53 383.030029 13195.55
777.15 6.22 393.449982 14476.63
777.25 7.3 489.820007 17053.72
777.35 6.24 377.969971 11914.54
777.45 6.42 387.600006 15733.9
777.55 7.37 487.040009 15406.42
777.65 7.25 490.140015 16753.98
777.75 13.13 1006.690002 25973.26
777.85 6.29 384.649994 13791.37
777.95 6.2 385.200012 13878.66
778.05 7.58 490.700012 16304.41
778.15 6.24 380.679993 13191.23
778.25 6.28 380.110016 13200.96
778.35 6.17 386.140015 13906.48
778.45 5.85 248.649994 8546.72
778.55 7.12 250.330002 9332.04
778.65 7.19 306.310028 10411.62
778.75 6.35 388.230011 13940.98
778.85 6.47 392.649994 13874.66
778.95 6.35 387.209991 13193.58
779.05 6.17 386.5 13264.6
779.15 6.33 395.649994 16456.7
779.25 6.23 388.76001 13871.44
779.35 6.21 391.079987 15834.77
779.45 6.19 395.799988 14511.8
779.55 6.3 387.299988 13295.76
779.65 6.25 394.940002 14572.43
779.75 6.23 384.649994 13286.87
779.85 6.24 394.529999 14607.46
779.95 6.23 390.679993 13944.99
780.05 6.47 393.129974 14580.45
780.15 7.71 481.940002 14920.82
780.25 7.39 495.040009 18645.82
780.35 5.93 252.580002 8551.33
780.45 6.27 389.820007 13965.0
780.55 7.51 489.440002 15623.81
780.65 7.53 487.76001 14926.42
780.75 7.41 510.990021 17700.43
780.85 7.49 490.880005 15582.52
780.95 6.38 254.690002 9796.73
781.05 7.61 481.48999 14258.39
781.15 6.25 396.830017 15932.43
781.25 7.46 492.320007 15975.88
781.35 7.32 308.100006 9967.08
781.45 5.98 257.209991 9798.7
781.55 15.93 899.0 23352.35
781.65 6.29 396.750031 14601.53
781.75 6.31 389.049988 13313.39
781.85 6.25 390.540009 13985.7
781.95 6.56 385.799988 13322.98
782.05 13.25 853.309998 26821.94
782.15 6.31 386.649994 13345.51
782.25 6.34 402.529999 15402.42
782.35 6.38 396.799988 14654.23
782.45 6.24 393.880005 15963.18
782.55 6.47 250.660004 8986.08
782.65 6.34 394.959991 14018.37
782.75 6.47 404.700012 15263.98
782.85 6.28 399.440002 14622.4
782.95 6.25 398.689972 14748.0
783.05 6.27 387.030029 12702.77
783.15 6.41 401.070007 15404.58
783.25 6.27 398.720001 14662.4
783.35 7.65 498.640015 16498.76
783.45 6.3 391.289978 13471.33
783.55 7.25 314.339996 11014.31
783.65 7.58 513.380005 18107.19
783.75 7.65 491.540009 15719.44
783.85 7.51 496.600006 15645.0
783.95 7.63 505.299988 17336.27
784.05 6.31 388.950012 13426.52
784.15 6.02 257.51001 8655.1
784.25 7.91 502.209991 16531.06
784.35 7.51 496.790009 16585.31
784.45 6.76 260.890015 9657.03
784.55 7.52 500.480011 16612.23
784.65 6.46 399.76001 14153.98
784.75 6.4 396.899994 14376.29
784.85 6.32 392.679993 13528.2
784.95 6.33 399.320007 14116.59
785.05 6.37 396.910004 14110.82
785.15 6.38 392.399994 12860.46
785.25 6.32 410.089996 15403.85
785.35 6.32 395.649994 13587.61
785.45 6.34 410.710022 17344.15
785.55 7.5 319.779999 11606.84
785.65 6.0 261.220001 8673.82
785.75 7.99 510.750031 17694.58
785.85 13.61 1030.030029 28315.58
785.95 6.33 400.059998 14804.35
786.05 6.37 397.27002 14167.2
786.15 6.37 408.249969 15564.88
786.25 6.38 391.359985 12940.29
786.35 6.28 264.75 9658.87
786.45 6.35 402.040009 14842.95
786.55 7.58 510.660004 16742.33
786.65 7.59 512.960022 17446.19
786.75 7.59 499.72998 15972.71
786.85 13.4 1022.289978 28801.98
786.95 7.64 513.0 17450.72
787.05 7.58 510.579987 16813.89
787.15 7.65 504.23999 16825.2
787.25 6.36 409.630005 15598.64
787.35 8.08 497.070007 15589.16
787.45 6.41 404.5 14991.21
787.55 16.83 948.039978 26019.83
787.65 6.48 402.019989 14225.08
787.75 6.57 408.569977 15585.36
787.85 6.41 399.790009 14268.59
787.95 6.36 397.750031 13553.82
788.05 7.4 320.289978 11330.59
788.15 7.82 508.630005 16762.99
788.25 6.38 402.190002 14252.82
788.35 8.24 274.329987 9589.62
788.45 7.65 511.049988 16875.18
788.55 6.97 412.710022 17528.54
788.65 6.45 402.329987 13574.13
788.75 6.4 414.880005 14868.01
788.85 6.42 415.200012 14964.16
788.95 6.42 413.279999 14959.57
789.05 6.44 405.399994 14214.56
789.15 6.45 418.27002 15511.96
789.25 6.46 407.670013 14213.79
789.35 6.18 263.369995 9630.14
789.45 7.47 322.940002 11715.76
789.55 7.74 514.390015 16821.75
789.65 13.28 796.380005 30267.24
789.75 7.61 502.880005 15351.01
789.85 6.49 403.579987 14288.33
789.95 6.52 404.72998 16239.79
790.05 6.47 402.779999 14360.38
790.15 7.73 513.630005 17014.54
790.25 13.34 787.900024 24588.52
790.35 8.28 518.869995 17544.33
790.45 7.86 515.940002 18324.57
790.55 6.51 393.830017 12975.52
790.65 6.46 407.209991 14946.11
790.75 6.46 403.27002 14342.83
790.85 6.52 413.279999 14950.08
790.95 6.47 412.160004 15038.19
791.05 6.49 401.019989 13068.99
791.15 6.43 415.559998 14999.56
791.25 6.45 411.27002 14380.53
791.35 6.43 264.160004 8411.39
791.45 6.51 414.079987 14969.32
791.55 6.43 402.209991 13113.41
791.65 6.44 416.409973 15641.66
791.75 8.34 278.889984 10985.81
791.85 6.57 482.160004 15118.35
791.95 7.72 604.75 18414.17
792.05 13.36 816.52002 30795.95
792.15 6.48 469.569977 14732.29
792.25 7.52 325.040009 11280.44
792.35 17.059999 1016.690002 27517.91
792.45 7.79 606.070007 18686.81
792.55 6.46 464.660004 13699.07
792.65 6.54 269.380005 9726.93
792.75 7.77 582.649963 16000.54
792.85 7.72 551.049988 18517.74
792.95 7.43 422.119995 13740.45
793.05 6.5 438.790009 15684.13
793.15 6.46 427.980011 14411.55
793.25 7.89 546.039978 17919.82
793.35 6.52 431.76001 14421.39
793.45 6.51 434.660004 15119.02
793.55 6.58 422.76001 13868.91
793.65 6.52 423.700012 13885.02
793.75 8.27 285.030029 10220.25
793.85 7.83 519.150024 16933.35
793.95 6.53 408.910004 14422.38
794.05 7.79 525.26001 18069.36
794.15 6.49 415.23999 14517.92
794.25 6.51 408.070007 13875.31
794.35 6.56 418.380005 15238.05
794.45 6.48 404.559998 13868.28
794.55 7.82 528.179993 17906.3
794.65 6.53 409.779999 14532.84
794.75 7.56 330.76001 11924.67
794.85 6.57 417.980011 15166.8
794.95 6.53 413.359985 16496.83
795.05 6.59 269.030029 9713.94
795.15 6.53 416.710022 15173.11
795.25 8.16 516.790039 16224.41
795.35 6.62 414.320007 16539.43
795.45 6.54 270.799988 9322.04
795.55 6.56 417.990021 15173.69
795.65 6.83 417.350006 15264.78
795.75 6.62 422.459991 15832.5
795.85 6.51 408.609985 13940.76
795.95 6.59 419.710022 15252.57
796.05 7.84 525.070007 17797.25
796.15 8.21 320.430023 10169.89
796.25 6.86 414.100006 14494.29
796.35 6.71 410.059998 13820.18
796.45 7.6 329.899994 11388.72
796.55 6.64 423.119995 15179.37
796.65 6.79 418.169983 15178.56
796.75 6.99 267.890015 9346.45
796.85 6.56 406.839996 13935.44
796.95 7.93 527.089966 17163.11
797.05 8.1 538.910034 18670.67
797.15 7.91 525.799988 17204.58
797.25 7.97 526.51001 17870.37
797.35 16.98 842.880005 25796.16
797.45 6.9 417.51001 13895.46
797.55 6.78 424.009979 15210.27
797.65 7.0 421.279999 14599.14
797.75 6.5 269.27002 9780.53
797.85 8.37 528.840027 17251.09
797.95 7.93 540.710022 18623.58
798.05 17.870001 954.23999 28794.71
798.15 6.92 420.329987 16736.88
798.25 6.71 421.929993 15958.34
798.35 6.94 419.670013 15367.49
798.45 6.36 266.130005 8626.4
798.55 6.73 424.040009 15881.93
798.65 7.69 335.230011 11975.15
798.75 6.87 425.110016 16071.7
798.85 7.96 530.880005 17318.01
798.95 6.69 412.950012 14360.07
799.05 6.92 416.73999 16705.87
799.15 6.75 412.590027 14036.03
799.25 6.85 267.130005 9001.57
799.35 6.67 418.299988 14671.22
799.45 6.75 421.009979 16006.07
799.55 8.0 535.52002 17992.1
799.65 6.76 418.100006 14579.3
799.75 17.58 1083.52002 30583.1
799.85 6.69 417.790009 14753.47
799.95 6.66 426.079987 15664.61
800.05 6.81 410.339996 14152.0
800.15 7.97 544.52002 18837.02
800.25 7.86 526.209961 16412.51
800.35 6.3 275.459991 9430.14
800.45 7.0 417.600006 14644.12
800.55 6.68 413.140015 14246.51
800.65 7.91 535.070007 18470.88
800.75 6.7 422.150024 15531.67
800.85 6.7 412.630005 14083.53
800.95 7.83 341.070007 12123.29
801.05 8.84 532.409973 17407.16
801.15 8.28 537.640015 20658.53
801.25 8.06 537.23999 18016.6
801.35 7.93 277.289978 10827.74
801.45 6.69 429.990021 16351.49
801.55 6.66 425.72998 15392.37
801.65 6.67 424.969971 15514.43
801.75 6.69 427.140015 16203.2
801.85 6.74 423.220001 14932.92
801.95 16.360001 1085.890015 28262.79
802.05 7.23 424.710022 15555.95
802.15 6.73 421.689972 15047.94
802.25 13.94 943.420044 28619.52
802.35 6.71 421.459991 14757.67
802.45 8.1 539.500061 18203.69
802.55 6.72 428.369995 15398.09
802.65 6.73 432.380005 16130.56
802.85 6.7 427.48999 15429.98
802.95 6.72 419.209991 14162.58
803.05 6.7 431.140015 15579.73
803.15 7.83 340.310028 12117.61
803.25 8.01 531.440002 17501.13
803.35 7.18 284.110016 10453.5
803.45 8.13 530.190002 16696.98
803.55 14.37 1050.73999 29672.76
803.65 7.01 274.380005 9502.95
803.75 6.78 423.339996 14736.77
803.85 8.17 535.070007 17417.2
803.95 6.71 428.0 15452.64
804.05 8.13 536.409973 17387.09
804.15 8.2 538.460022 17369.64
804.25 6.81 425.070007 16879.33
804.35 6.8 428.720001 16889.71
804.45 7.0 432.399994 15477.65
804.55 7.1 428.190002 15556.51
804.65 7.73 429.249969 15550.99
804.75 8.2 549.209961 19321.92
804.85 6.8 432.870026 15521.96
804.95 6.74 430.23999 15631.9
805.05 6.93 442.329987 15474.66
805.15 6.75 445.609985 16441.91
805.25 8.14 545.440002 17532.62
805.35 6.74 429.059998 14175.02
805.45 6.78 433.089996 16966.42
805.55 7.78 286.169983 10511.04
805.65 7.47 279.969971 9966.66
805.75 6.76 425.200012 13696.13
805.85 6.84 438.369995 15590.25
805.95 7.91 340.220001 11685.25
806.05 7.68 464.72998 16407.96
806.15 8.55 529.47998 16087.1
806.25 7.02 429.880005 16919.93
806.35 6.98 419.920013 14218.34
806.45 8.19 553.980042 19312.46
806.55 8.1 539.219971 16677.52
806.65 6.79 283.799988 9583.65
806.75 7.46 283.519989 10940.52
806.85 8.16 536.72998 16637.75
806.95 8.21 550.52002 18520.96
807.05 6.76 430.380005 14868.5
807.15 6.86 431.720001 14924.43
807.25 14.21 1095.820068 29749.08
807.35 7.68 439.529999 16259.7
807.45 6.9 435.700012 17621.05
807.55 8.07 550.230042 19235.61
807.75 7.91 345.609985 12354.99
807.85 6.83 428.790009 14998.2
807.95 6.81 440.870026 16260.0
808.05 7.25 442.559998 16292.51
808.25 7.18 429.579987 14974.87
808.35 7.06 429.51001 14928.74
808.65 7.12 439.790009 15753.8
808.75 6.85 442.790009 16357.23
808.85 8.92 552.670044 18768.54
809.05 6.4 277.279999 9211.82
809.15 6.9 430.750031 17202.22
809.35 6.71 287.779999 11032.54
809.55 7.26 441.910004 15698.27
809.75 8.05 345.160004 11773.8
